391 4314 4985.55 Amanda
391 4315 0985.55 Bruna
391 3310 1000.55 Amaral
391 2350 0100.00 Juliana
391 2555 1000.05 Denise
392 2055 2000.80 Daniela
592 2222 5609.30 Bianca
391 2005 1002.08 Eduardo
191 9555 0900.50 Denis
391 2550 9000.01 Denio
380 2225 1800.02 Vanessa
391 2440 1000.03 Manoela
391 2470 1500.50 Mariana
391 2000 2596.55 Manoel
391 2880 2000.90 Manoela
391 4314 4985.55 Amandinha
391 4315 0985.55 Bruno
391 3310 1000.55 Amaralo
391 2350 1000.04 Julio
391 2555 1000.06 Doniran
392 3055 1000.07 Daniel
592 2228 2569.30 Bianca
391 2005 1002.02 Eduardo
191 9555 0901.11 Denis
391 2550 9000.22 Denio
380 2225 1800.88 Vanessa
391 2440 1000.05 Manoela
391 2470 1500.20 Mariana
391 2000 2596.55 Manoel
391 2880 2000.09 Manoela